10	1	0.593183
30	1	0.527204
50	1	0.488115
70	1	0.45808
90	1	0.437103
110	1	0.413573
130	1	0.392627
150	1	0.376294
170	1	0.360594
190	1	0.340375
210	1	0.326031
230	1	0.314368
250	1	0.301648
270	1	0.292536
290	1	0.278152
310	1	0.272078
330	1	0.258179
350	1	0.247004
370	1	0.241933
390	1	0.234437
410	1	0.225348
430	1	0.220049
450	1	0.216332
470	1	0.213367
490	1	0.211994
510	1	0.207337
530	1	0.220553
550	1	0.238585
570	1	0.289422
10	3	0.602073
30	3	0.529916
50	3	0.491363
70	3	0.459855
90	3	0.436102
110	3	0.411304
130	3	0.38874
150	3	0.370768
170	3	0.355414
190	3	0.338503
210	3	0.32529
230	3	0.312566
250	3	0.301044
270	3	0.289023
290	3	0.277702
310	3	0.272195
330	3	0.260848
350	3	0.250336
370	3	0.243187
390	3	0.236126
410	3	0.228015
430	3	0.225678
450	3	0.221267
470	3	0.219492
490	3	0.219484
510	3	0.221038
530	3	0.231698
550	3	0.257672
10	5	0.588393
30	5	0.525694
50	5	0.488253
70	5	0.461923
90	5	0.437053
110	5	0.409203
130	5	0.387304
150	5	0.367924
170	5	0.357176
190	5	0.339291
210	5	0.324836
230	5	0.311184
250	5	0.303506
270	5	0.293975
290	5	0.277945
310	5	0.272722
330	5	0.261674
350	5	0.252906
370	5	0.242236
390	5	0.235462
410	5	0.232309
430	5	0.225216
450	5	0.225428
470	5	0.220892
490	5	0.222203
510	5	0.231679
530	5	0.241301
550	5	0.2736
10	10	0.594803
30	10	0.528377
50	10	0.481003
70	10	0.455616
90	10	0.428309
110	10	0.411724
130	10	0.389967
150	10	0.369927
170	10	0.355437
190	10	0.337897
210	10	0.322943
230	10	0.311665
250	10	0.296562
270	10	0.288832
290	10	0.274995
310	10	0.270336
330	10	0.260713
350	10	0.247989
370	10	0.242368
390	10	0.234476
410	10	0.236705
430	10	0.229002
450	10	0.226437
470	10	0.229268
490	10	0.232767
510	10	0.242693
530	10	0.265526
550	10	0.311093
10	16	0.598238
30	16	0.521741
50	16	0.477569
70	16	0.451184
90	16	0.43089
110	16	0.405758
130	16	0.380741
150	16	0.363898
170	16	0.347795
190	16	0.335115
210	16	0.319551
230	16	0.314135
250	16	0.300538
270	16	0.289711
290	16	0.278775
310	16	0.271124
330	16	0.258275
350	16	0.25399
370	16	0.247213
390	16	0.243589
410	16	0.238878
430	16	0.233623
450	16	0.233241
470	16	0.239503
490	16	0.243904
510	16	0.263216
530	16	0.29044
550	16	0.359094
10	20	0.624511
30	20	0.529785
50	20	0.48284
70	20	0.452966
90	20	0.427435
110	20	0.401087
130	20	0.381463
150	20	0.367669
170	20	0.349738
190	20	0.33287
210	20	0.317422
230	20	0.313231
250	20	0.297604
270	20	0.290053
290	20	0.279113
310	20	0.274283
330	20	0.264624
350	20	0.252474
370	20	0.248403
390	20	0.245263
410	20	0.244315
430	20	0.239392
450	20	0.24121
470	20	0.243609
490	20	0.253067
510	20	0.280371
530	20	0.317673
550	20	0.406681
10	25	0.615453
30	25	0.523236
50	25	0.477958
70	25	0.455311
90	25	0.422133
110	25	0.406694
130	25	0.379942
150	25	0.368726
170	25	0.354314
190	25	0.334109
210	25	0.325832
230	25	0.309926
250	25	0.298982
270	25	0.289276
290	25	0.280243
310	25	0.269763
330	25	0.264094
350	25	0.256518
370	25	0.250877
390	25	0.248995
410	25	0.244311
430	25	0.243306
450	25	0.248948
470	25	0.250734
490	25	0.270436
510	25	0.294414
530	25	0.347647
550	25	0.475113
10	30	0.626971
30	30	0.541421
50	30	0.486232
70	30	0.455921
90	30	0.42471
110	30	0.402452
130	30	0.383562
150	30	0.366247
170	30	0.353923
190	30	0.338775
210	30	0.322895
230	30	0.305978
250	30	0.297844
270	30	0.28927
290	30	0.280714
310	30	0.270821
330	30	0.265621
350	30	0.255748
370	30	0.251755
390	30	0.254008
410	30	0.249911
430	30	0.257644
450	30	0.260374
470	30	0.269676
490	30	0.283371
510	30	0.316224
530	30	0.384158
550	30	0.575039
10	40	0.622438
30	40	0.530664
50	40	0.486722
70	40	0.453868
90	40	0.432271
110	40	0.41019
130	40	0.378879
150	40	0.365284
170	40	0.345095
190	40	0.333608
210	40	0.318476
230	40	0.307776
250	40	0.299169
270	40	0.290287
290	40	0.282787
310	40	0.272072
330	40	0.266882
350	40	0.262657
370	40	0.255203
390	40	0.257124
410	40	0.264228
430	40	0.263523
450	40	0.271374
470	40	0.288248
490	40	0.319521
510	40	0.369523
530	40	0.499767
550	40	0.972919
10	55	0.642547
30	55	0.543596
50	55	0.49472
70	55	0.454497
90	55	0.427683
110	55	0.404572
130	55	0.381601
150	55	0.365513
170	55	0.347261
190	55	0.3428
210	55	0.323449
230	55	0.309692
250	55	0.303751
270	55	0.300895
290	55	0.282109
310	55	0.281733
330	55	0.278302
350	55	0.272137
370	55	0.275782
390	55	0.271697
410	55	0.278918
430	55	0.292084
450	55	0.30226
470	55	0.341971
490	55	0.391784
510	55	0.503872
530	55	0.850981
10	60	0.642667
30	60	0.542129
50	60	0.483148
70	60	0.451496
90	60	0.42793
110	60	0.400997
130	60	0.3871
150	60	0.366344
170	60	0.347268
190	60	0.332363
210	60	0.32414
230	60	0.31157
250	60	0.303537
270	60	0.293333
290	60	0.282991
310	60	0.285846
330	60	0.281664
350	60	0.274472
370	60	0.273162
390	60	0.27536
410	60	0.290902
430	60	0.300849
450	60	0.316412
470	60	0.350318
490	60	0.422678
510	60	0.57133
530	60	1.12899
10	70	0.664003
30	70	0.550146
50	70	0.489749
70	70	0.448437
90	70	0.42189
110	70	0.400459
130	70	0.381751
150	70	0.360216
170	70	0.355966
190	70	0.336979
210	70	0.322792
230	70	0.314401
250	70	0.309338
270	70	0.299478
290	70	0.293777
310	70	0.289101
330	70	0.287658
350	70	0.28281
370	70	0.288145
390	70	0.292675
410	70	0.3035
430	70	0.323811
450	70	0.346439
470	70	0.406817
490	70	0.515221
510	70	0.781066
10	80	0.69068
30	80	0.550405
50	80	0.503735
70	80	0.453535
90	80	0.432149
110	80	0.398433
130	80	0.375563
150	80	0.369937
170	80	0.353112
190	80	0.337477
210	80	0.327905
230	80	0.316878
250	80	0.311924
270	80	0.305754
290	80	0.304026
310	80	0.299716
330	80	0.2955
350	80	0.298788
370	80	0.301421
390	80	0.309987
410	80	0.328694
430	80	0.345437
450	80	0.395008
470	80	0.476018
490	80	0.638883
510	80	1.25526
10	90	0.689319
30	90	0.544365
50	90	0.500016
70	90	0.462762
90	90	0.434947
110	90	0.402945
130	90	0.382045
150	90	0.366205
170	90	0.354908
190	90	0.3387
210	90	0.336168
230	90	0.325033
250	90	0.308198
270	90	0.306104
290	90	0.313065
310	90	0.310483
330	90	0.306906
350	90	0.304985
370	90	0.312662
390	90	0.325151
410	90	0.344448
430	90	0.389094
450	90	0.44451
470	90	0.568197
490	90	0.87156
10	100	0.713533
30	100	0.576908
50	100	0.506776
70	100	0.464324
90	100	0.431304
110	100	0.411492
130	100	0.389928
150	100	0.376629
170	100	0.359061
190	100	0.340761
210	100	0.334975
230	100	0.330566
250	100	0.319268
270	100	0.313816
290	100	0.314848
310	100	0.314055
330	100	0.320868
350	100	0.319455
370	100	0.336096
390	100	0.351769
410	100	0.371181
430	100	0.42724
450	100	0.514559
470	100	0.705806
490	100	1.4065
10	110	0.741492
30	110	0.569331
50	110	0.511578
70	110	0.475114
90	110	0.432096
110	110	0.412697
130	110	0.390217
150	110	0.370831
170	110	0.355805
190	110	0.352211
210	110	0.337992
230	110	0.32781
250	110	0.325019
270	110	0.317291
290	110	0.318382
310	110	0.331849
330	110	0.332968
350	110	0.334287
370	110	0.351402
390	110	0.374744
410	110	0.412837
430	110	0.49805
450	110	0.620564
470	110	0.96297
10	120	0.73044
30	120	0.581277
50	120	0.512823
70	120	0.469012
90	120	0.437064
110	120	0.415672
130	120	0.396342
150	120	0.380831
170	120	0.361736
190	120	0.35436
210	120	0.342683
230	120	0.332902
250	120	0.331411
270	120	0.334121
290	120	0.328132
310	120	0.338475
330	120	0.34699
350	120	0.356318
370	120	0.371203
390	120	0.410244
410	120	0.459197
430	120	0.557153
450	120	0.767335
470	120	1.52056
10	128	0.746767
30	128	0.573809
50	128	0.520019
70	128	0.468699
90	128	0.460914
110	128	0.415489
130	128	0.405417
150	128	0.383755
170	128	0.365881
190	128	0.361228
210	128	0.351325
230	128	0.347807
250	128	0.337846
270	128	0.337775
290	128	0.346699
310	128	0.351575
330	128	0.358333
350	128	0.380035
370	128	0.394861
390	128	0.437897
410	128	0.511542
430	128	0.640831
450	128	0.964667
470	128	3.52864
10	130	0.769892
30	130	0.591947
50	130	0.517319
70	130	0.475283
90	130	0.442648
110	130	0.424233
130	130	0.40293
150	130	0.383195
170	130	0.376107
190	130	0.360683
210	130	0.34866
230	130	0.3516
250	130	0.341876
270	130	0.342204
290	130	0.344225
310	130	0.353344
330	130	0.36026
350	130	0.378682
370	130	0.396641
390	130	0.44875
410	130	0.52728
430	130	0.658123
450	130	1.03463
10	150	0.739325
30	150	0.610927
50	150	0.532644
70	150	0.481356
90	150	0.448307
110	150	0.43665
130	150	0.411829
150	150	0.393721
170	150	0.378206
190	150	0.381872
210	150	0.364609
230	150	0.366683
250	150	0.365759
270	150	0.374914
290	150	0.378752
310	150	0.386131
330	150	0.412633
350	150	0.432134
370	150	0.48334
390	150	0.566172
410	150	0.726605
430	150	1.12968
10	200	0.818611
30	200	0.628286
50	200	0.560704
70	200	0.522817
90	200	0.481877
110	200	0.449201
130	200	0.439878
150	200	0.434214
170	200	0.419658
190	200	0.419682
210	200	0.415718
230	200	0.427966
250	200	0.433443
270	200	0.459929
290	200	0.485127
310	200	0.538244
330	200	0.608173
350	200	0.733593
370	200	1.01314
390	200	2.00648
10	210	0.802741
30	210	0.648106
50	210	0.575865
70	210	0.529045
90	210	0.490798
110	210	0.474259
130	210	0.456522
150	210	0.442039
170	210	0.444015
190	210	0.432506
210	210	0.430151
230	210	0.439641
250	210	0.459967
270	210	0.48596
290	210	0.535975
310	210	0.590415
330	210	0.689785
350	210	0.89216
370	210	1.37152
10	220	0.87119
30	220	0.680362
50	220	0.57925
70	220	0.535918
90	220	0.506899
110	220	0.487939
130	220	0.458002
150	220	0.45228
170	220	0.454373
190	220	0.442303
210	220	0.454401
230	220	0.465655
250	220	0.483434
270	220	0.520598
290	220	0.566693
310	220	0.649733
330	220	0.809767
350	220	1.10038
370	220	2.12635
10	230	0.844626
30	230	0.696185
50	230	0.590078
70	230	0.543205
90	230	0.513352
110	230	0.490542
130	230	0.48225
150	230	0.460529
170	230	0.45782
190	230	0.463236
210	230	0.476253
230	230	0.4829
250	230	0.503578
270	230	0.558001
290	230	0.621409
310	230	0.739986
330	230	0.93416
350	230	1.46181
10	250	0.898239
30	250	0.706339
50	250	0.604334
70	250	0.580456
90	250	0.534991
110	250	0.513889
130	250	0.496329
150	250	0.495949
170	250	0.489443
190	250	0.50456
210	250	0.520506
230	250	0.533251
250	250	0.57994
270	250	0.666502
290	250	0.785076
310	250	1.00695
330	250	1.56546
10	300	1.03146
30	300	0.799008
50	300	0.673522
70	300	0.642862
90	300	0.617884
110	300	0.598539
130	300	0.591593
150	300	0.595967
170	300	0.632957
190	300	0.672361
210	300	0.721112
230	300	0.831845
250	300	1.00909
270	300	1.42078
290	300	2.79989
10	350	1.10244
30	350	0.915333
50	350	0.815465
70	350	0.754983
90	350	0.758032
110	350	0.751862
130	350	0.778787
150	350	0.829612
170	350	0.916873
190	350	1.06624
210	350	1.35617
230	350	2.14056
10	400	1.32645
30	400	1.07499
50	400	0.992603
70	400	0.968521
90	400	0.991461
110	400	1.05214
130	400	1.16903
150	400	1.41777
170	400	1.94322
190	400	3.89969
10	450	1.79956
30	450	1.44387
50	450	1.37311
70	450	1.43971
90	450	1.61618
110	450	2.04642
130	450	3.15164
10	500	2.54686
30	500	2.23239
50	500	2.44564
70	500	3.20388
90	500	6.39013
20	1	0.556744
40	1	0.515051
60	1	0.474122
80	1	0.460198
100	1	0.42471
120	1	0.409956
140	1	0.386033
160	1	0.377101
180	1	0.354377
200	1	0.333684
220	1	0.324159
240	1	0.314416
260	1	0.298685
280	1	0.287513
300	1	0.272371
320	1	0.283786
340	1	0.257805
360	1	0.245715
380	1	0.23824
400	1	0.239097
420	1	0.225584
440	1	0.219935
460	1	0.214379
480	1	0.228433
500	1	0.211936
520	1	0.218733
540	1	0.22815
560	1	0.267651
20	3	0.566458
40	3	0.513838
60	3	0.470231
80	3	0.45314
100	3	0.423656
120	3	0.399271
140	3	0.383246
160	3	0.375629
180	3	0.350261
200	3	0.336128
220	3	0.321003
240	3	0.31328
260	3	0.297814
280	3	0.283905
300	3	0.275092
320	3	0.27576
340	3	0.259154
360	3	0.251487
380	3	0.240469
400	3	0.242011
420	3	0.229145
440	3	0.228196
460	3	0.217704
480	3	0.234141
500	3	0.221114
520	3	0.229417
540	3	0.24334
560	3	0.2947
20	5	0.558017
40	5	0.502252
60	5	0.470908
80	5	0.453352
100	5	0.419197
120	5	0.401809
140	5	0.383073
160	5	0.380482
180	5	0.346091
200	5	0.337105
220	5	0.321945
240	5	0.313155
260	5	0.294515
280	5	0.284368
300	5	0.275098
320	5	0.279752
340	5	0.257828
360	5	0.249309
380	5	0.240756
400	5	0.239413
420	5	0.224986
440	5	0.22906
460	5	0.221011
480	5	0.245874
500	5	0.228153
520	5	0.232719
540	5	0.257369
560	5	0.316182
20	10	0.562214
40	10	0.495522
60	10	0.468241
80	10	0.445378
100	10	0.419118
120	10	0.401682
140	10	0.380264
160	10	0.374152
180	10	0.345266
200	10	0.331346
220	10	0.315962
240	10	0.310436
260	10	0.296769
280	10	0.286545
300	10	0.27804
320	10	0.274371
340	10	0.261912
360	10	0.254109
380	10	0.243846
400	10	0.246701
420	10	0.23334
440	10	0.228679
460	10	0.228994
480	10	0.254026
500	10	0.240675
520	10	0.256687
540	10	0.282188
20	16	0.555963
40	16	0.509642
60	16	0.475464
80	16	0.447612
100	16	0.414468
120	16	0.399383
140	16	0.374511
160	16	0.37425
180	16	0.344016
200	16	0.335461
220	16	0.3176
240	16	0.313827
260	16	0.295437
280	16	0.282798
300	16	0.273895
320	16	0.28033
340	16	0.260628
360	16	0.254822
380	16	0.247929
400	16	0.253187
420	16	0.237116
440	16	0.239701
460	16	0.239009
480	16	0.262625
500	16	0.25539
520	16	0.282897
540	16	0.325996
20	20	0.570943
40	20	0.510206
60	20	0.465673
80	20	0.446337
100	20	0.416539
120	20	0.39508
140	20	0.375921
160	20	0.384467
180	20	0.343444
200	20	0.332502
220	20	0.319567
240	20	0.313947
260	20	0.296697
280	20	0.288944
300	20	0.279921
320	20	0.279766
340	20	0.261876
360	20	0.254883
380	20	0.24984
400	20	0.252622
420	20	0.239902
440	20	0.24413
460	20	0.242311
480	20	0.271773
500	20	0.268355
520	20	0.298228
540	20	0.350457
20	25	0.576742
40	25	0.495035
60	25	0.471972
80	25	0.45205
100	25	0.420778
120	25	0.395772
140	25	0.380838
160	25	0.370955
180	25	0.345219
200	25	0.3311
220	25	0.318848
240	25	0.314318
260	25	0.300841
280	25	0.286384
300	25	0.274026
320	25	0.284476
340	25	0.262348
360	25	0.261157
380	25	0.255002
400	25	0.26017
420	25	0.250126
440	25	0.251875
460	25	0.254875
480	25	0.289752
500	25	0.28398
520	25	0.318298
540	25	0.406433
20	30	0.559972
40	30	0.509022
60	30	0.473823
80	30	0.450646
100	30	0.421046
120	30	0.39941
140	30	0.378625
160	30	0.367362
180	30	0.346836
200	30	0.334822
220	30	0.319787
240	30	0.314117
260	30	0.299172
280	30	0.287569
300	30	0.276787
320	30	0.284705
340	30	0.26351
360	30	0.261804
380	30	0.255133
400	30	0.257937
420	30	0.249368
440	30	0.265009
460	30	0.262557
480	30	0.302123
500	30	0.306694
520	30	0.347626
540	30	0.452035
20	40	0.553426
40	40	0.507268
60	40	0.472109
80	40	0.448788
100	40	0.41143
120	40	0.393675
140	40	0.369713
160	40	0.37165
180	40	0.344153
200	40	0.330036
220	40	0.316132
240	40	0.311222
260	40	0.293096
280	40	0.284319
300	40	0.280139
320	40	0.286054
340	40	0.266777
360	40	0.262641
380	40	0.260261
400	40	0.267752
420	40	0.257889
440	40	0.271144
460	40	0.28051
480	40	0.333552
500	40	0.344192
520	40	0.431372
540	40	0.642416
20	55	0.583698
40	55	0.524099
60	55	0.47032
80	55	0.449592
100	55	0.419494
120	55	0.394321
140	55	0.374233
160	55	0.375646
180	55	0.345468
200	55	0.328717
220	55	0.314568
240	55	0.31528
260	55	0.29575
280	55	0.29335
300	55	0.281935
320	55	0.300701
340	55	0.285413
360	55	0.275909
380	55	0.279031
400	55	0.288743
420	55	0.28818
440	55	0.30518
460	55	0.326496
480	55	0.41116
500	55	0.446355
520	55	0.640578
540	55	1.6395
20	60	0.59215
40	60	0.504334
60	60	0.477204
80	60	0.448054
100	60	0.41739
120	60	0.391149
140	60	0.381897
160	60	0.373221
180	60	0.33992
200	60	0.328782
220	60	0.322161
240	60	0.3182
260	60	0.298674
280	60	0.300545
300	60	0.287762
320	60	0.294669
340	60	0.281542
360	60	0.279027
380	60	0.28043
400	60	0.292716
420	60	0.294818
440	60	0.314836
460	60	0.336318
480	60	0.414918
500	60	0.490782
520	60	0.744287
20	70	0.587294
40	70	0.507231
60	70	0.470852
80	70	0.45924
100	70	0.421235
120	70	0.398729
140	70	0.376175
160	70	0.37733
180	70	0.345754
200	70	0.330679
220	70	0.321831
240	70	0.322685
260	70	0.310919
280	70	0.303051
300	70	0.292741
320	70	0.310624
340	70	0.290815
360	70	0.28738
380	70	0.297488
400	70	0.307436
420	70	0.307899
440	70	0.344583
460	70	0.377571
480	70	0.496892
500	70	0.617416
520	70	1.21797
20	80	0.591259
40	80	0.516701
60	80	0.478461
80	80	0.457343
100	80	0.409006
120	80	0.402364
140	80	0.381907
