10	500	2.54686
20	500	2.34246
30	500	2.23239
40	500	2.33962
50	500	2.44564
60	500	2.73199
70	500	3.20388
80	500	4.49216
90	500	6.39013
10	490	2.30538
20	490	2.09891
30	490	1.98803
40	490	2.08337
50	490	2.06295
60	490	2.2483
70	490	2.54594
80	490	3.31474
90	490	3.83816
100	490	6.06327
10	480	2.1119
20	480	1.98136
30	480	1.80627
40	480	1.83456
50	480	1.83037
60	480	1.9967
70	480	2.10612
80	480	2.59525
90	480	2.78712
100	480	3.68007
110	480	5.68935
10	470	1.9808
20	470	1.79372
30	470	1.66561
40	470	1.65717
50	470	1.60129
60	470	1.73349
70	470	1.80113
80	470	2.12919
90	470	2.24395
100	470	2.72253
110	470	3.44107
120	470	5.55769
10	460	1.93503
20	460	1.6933
30	460	1.53937
40	460	1.55528
50	460	1.49873
60	460	1.51156
70	460	1.60356
80	460	1.86249
90	460	1.86284
100	460	2.13695
110	460	2.55973
120	460	3.4073
130	460	5.05345
10	450	1.79956
20	450	1.56489
30	450	1.44387
40	450	1.44488
50	450	1.37311
60	450	1.38587
70	450	1.43971
80	450	1.63459
90	450	1.61618
100	450	1.77962
110	450	2.04642
120	450	2.44776
130	450	3.15164
140	450	4.95184
10	440	1.6363
20	440	1.47982
30	440	1.36425
40	440	1.33823
50	440	1.24961
60	440	1.29007
70	440	1.29842
80	440	1.42454
90	440	1.44358
100	440	1.54433
110	440	1.67906
120	440	1.99975
130	440	2.27631
140	440	3.04281
150	440	4.60081
10	430	1.55779
20	430	1.38374
30	430	1.28179
40	430	1.26565
50	430	1.19668
60	430	1.16131
70	430	1.18496
80	430	1.32307
90	430	1.27202
100	430	1.36371
110	430	1.4477
120	430	1.65402
130	430	1.82762
140	430	2.19596
150	430	2.88945
160	430	5.5534
10	420	1.50858
20	420	1.29882
30	420	1.19531
40	420	1.20266
50	420	1.08865
60	420	1.10803
70	420	1.11297
80	420	1.2257
90	420	1.15952
100	420	1.22218
110	420	1.28874
120	420	1.4518
130	420	1.53805
140	420	1.78404
150	420	2.12725
160	420	3.31928
170	420	4.26518
10	410	1.44304
20	410	1.2188
30	410	1.14493
40	410	1.10501
50	410	1.04206
60	410	1.04729
70	410	1.01178
80	410	1.15184
90	410	1.0828
100	410	1.11721
110	410	1.15652
120	410	1.25796
130	410	1.32193
140	410	1.50604
150	410	1.67989
160	410	2.40647
170	410	2.61653
180	410	4.12499
10	400	1.32645
20	400	1.19925
30	400	1.07499
40	400	1.05879
50	400	0.992603
60	400	0.974738
70	400	0.968521
80	400	1.06039
90	400	0.991461
100	400	1.0176
110	400	1.05214
120	400	1.14733
130	400	1.16903
140	400	1.30122
150	400	1.41777
160	400	1.9104
170	400	1.94322
180	400	2.58182
190	400	3.89969
10	390	1.3462
20	390	1.15035
30	390	1.02347
40	390	1.01649
50	390	0.926085
60	390	0.925951
70	390	0.913005
80	390	0.990904
90	390	0.9252
100	390	0.944205
110	390	0.969098
120	390	1.01816
130	390	1.04441
140	390	1.15904
150	390	1.23809
160	390	1.64326
170	390	1.58396
180	390	1.91491
190	390	2.45591
200	390	3.93235
10	380	1.26768
20	380	1.14029
30	380	0.954991
40	380	0.971652
50	380	0.898275
60	380	0.879419
70	380	0.857645
80	380	0.944043
90	380	0.861343
100	380	0.8862
110	380	0.909995
120	380	0.961096
130	380	0.955543
140	380	1.03584
150	380	1.08937
160	380	1.35504
170	380	1.30413
180	380	1.5294
190	380	1.80296
200	380	2.42931
210	380	3.61604
10	370	1.2354
20	370	1.05718
30	370	0.932491
40	370	0.886751
50	370	0.830268
60	370	0.834889
70	370	0.828383
80	370	0.872234
90	370	0.816015
100	370	0.828272
110	370	0.842263
120	370	0.876977
130	370	0.87456
140	370	0.947473
150	370	0.973858
160	370	1.21945
170	370	1.14681
180	370	1.2942
190	370	1.45708
200	370	1.79359
210	370	2.25735
220	370	3.51848
10	360	1.17118
20	360	1.01082
30	360	0.935673
40	360	0.903665
50	360	0.829243
60	360	0.808721
70	360	0.782492
80	360	0.814203
90	360	0.793582
100	360	0.779919
110	360	0.775456
120	360	0.818768
130	360	0.806598
140	360	0.869125
150	360	0.898353
160	360	1.0457
170	360	1.01119
180	360	1.10837
190	360	1.22153
200	360	1.46576
210	360	1.69727
220	360	2.20767
230	360	3.39078
10	350	1.10244
20	350	0.983329
30	350	0.915333
40	350	0.888074
50	350	0.815465
60	350	0.78692
70	350	0.754983
80	350	0.806937
90	350	0.758032
100	350	0.756644
110	350	0.751862
120	350	0.773036
130	350	0.778787
140	350	0.813925
150	350	0.829612
160	350	1.01727
170	350	0.916873
180	350	0.988579
190	350	1.06624
200	350	1.21205
210	350	1.35617
220	350	1.65814
230	350	2.14056
240	350	3.63797
10	340	1.14036
20	340	0.953671
30	340	0.872907
40	340	0.848852
50	340	0.767384
60	340	0.744818
70	340	0.724269
80	340	0.764499
90	340	0.710566
100	340	0.712524
110	340	0.71334
120	340	0.734406
130	340	0.720445
140	340	0.747977
150	340	0.762713
160	340	0.90858
170	340	0.833214
180	340	0.890211
190	340	0.959632
200	340	1.03825
210	340	1.14538
220	340	1.32502
230	340	1.59044
240	340	2.24
250	340	3.14453
10	330	1.08414
20	330	0.939167
30	330	0.835171
40	330	0.810585
50	330	0.752214
60	330	0.722641
70	330	0.711476
80	330	0.742535
90	330	0.691506
100	330	0.694709
110	330	0.688998
120	330	0.704227
130	330	0.678338
140	330	0.704305
150	330	0.711473
160	330	0.839251
170	330	0.754396
180	330	0.821534
190	330	0.853744
200	330	0.943335
210	330	0.971086
220	330	1.09941
230	330	1.27598
240	330	1.66495
250	330	1.9752
260	330	3.1029
10	320	1.03343
20	320	0.933933
30	320	0.810864
40	320	0.796427
50	320	0.718125
60	320	0.700876
70	320	0.675986
80	320	0.716135
90	320	0.649406
100	320	0.648581
110	320	0.653698
120	320	0.672727
130	320	0.651108
140	320	0.672361
150	320	0.671103
160	320	0.772685
170	320	0.711454
180	320	0.749807
190	320	0.778545
200	320	0.834032
210	320	0.886798
220	320	0.967217
230	320	1.06929
240	320	1.32694
250	320	1.48366
260	320	1.96969
270	320	2.96661
10	310	0.984004
20	310	0.879804
30	310	0.792393
40	310	0.748286
50	310	0.706186
60	310	0.682152
70	310	0.664359
80	310	0.679343
90	310	0.631193
100	310	0.621685
110	310	0.618394
120	310	0.643952
130	310	0.610293
140	310	0.650241
150	310	0.632919
160	310	0.732123
170	310	0.651066
180	310	0.688748
190	310	0.712269
200	310	0.770108
210	310	0.799899
220	310	0.851306
230	310	0.923776
240	310	1.10478
250	310	1.17391
260	310	1.45958
270	310	1.90558
280	310	2.99802
10	300	1.03146
20	300	0.862835
30	300	0.799008
40	300	0.747534
50	300	0.673522
60	300	0.672257
70	300	0.642862
80	300	0.644041
90	300	0.617884
100	300	0.607107
110	300	0.598539
120	300	0.606195
130	300	0.591593
140	300	0.61739
150	300	0.595967
160	300	0.699594
170	300	0.632957
180	300	0.650052
190	300	0.672361
200	300	0.700083
210	300	0.721112
220	300	0.781199
230	300	0.831845
240	300	0.978903
250	300	1.00909
260	300	1.19563
270	300	1.42078
280	300	1.88362
290	300	2.79989
10	290	0.967538
20	290	0.847066
30	290	0.753199
40	290	0.717103
50	290	0.654995
60	290	0.641128
70	290	0.618267
80	290	0.637563
90	290	0.610508
100	290	0.590282
110	290	0.573645
120	290	0.585891
130	290	0.582238
140	290	0.580332
150	290	0.566729
160	290	0.674559
170	290	0.59693
180	290	0.609008
190	290	0.629769
200	290	0.661757
210	290	0.666723
220	290	0.70085
230	290	0.742177
240	290	0.853401
250	290	0.864772
260	290	1.00479
270	290	1.13696
280	290	1.40749
290	290	1.77192
300	290	2.75213
10	280	0.961209
20	280	0.819203
30	280	0.728885
40	280	0.712964
50	280	0.661485
60	280	0.63503
70	280	0.592469
80	280	0.61034
90	280	0.590179
100	280	0.581819
110	280	0.564718
120	280	0.568402
130	280	0.54995
140	280	0.569513
150	280	0.563445
160	280	0.64549
170	280	0.56794
180	280	0.581143
190	280	0.586568
200	280	0.60379
210	280	0.625355
220	280	0.650817
230	280	0.671964
240	280	0.771687
250	280	0.767903
260	280	0.849342
270	280	0.93949
280	280	1.11201
290	280	1.31772
300	280	1.73646
310	280	2.66323
10	270	0.92377
20	270	0.80664
30	270	0.716421
40	270	0.701434
50	270	0.639846
60	270	0.620849
70	270	0.589414
80	270	0.634628
90	270	0.553621
100	270	0.558479
110	270	0.534614
120	270	0.551088
130	270	0.524746
140	270	0.531346
150	270	0.526177
160	270	0.634899
170	270	0.537462
180	270	0.539833
190	270	0.552401
200	270	0.579126
210	270	0.581573
220	270	0.603948
230	270	0.618954
240	270	0.688231
250	270	0.699144
260	270	0.755664
270	270	0.828529
280	270	0.95183
290	270	1.06189
300	270	1.28994
310	270	1.67963
320	270	3.24062
10	260	0.941996
20	260	0.773908
30	260	0.723725
40	260	0.64956
50	260	0.618918
60	260	0.618716
70	260	0.573232
80	260	0.596892
90	260	0.552022
100	260	0.559868
110	260	0.515122
120	260	0.538368
130	260	0.513979
140	260	0.5186
150	260	0.513835
160	260	0.564005
170	260	0.512928
180	260	0.526496
190	260	0.524398
200	260	0.551006
210	260	0.555936
220	260	0.553529
230	260	0.569826
240	260	0.633561
250	260	0.63505
260	260	0.68308
270	260	0.735033
280	260	0.821545
290	260	0.899917
300	260	1.03942
310	260	1.23997
320	260	1.87946
330	260	2.4419
10	250	0.898239
20	250	0.777477
30	250	0.706339
40	250	0.694911
50	250	0.604334
60	250	0.587337
70	250	0.580456
80	250	0.589026
90	250	0.534991
100	250	0.530969
110	250	0.513889
120	250	0.522897
130	250	0.496329
140	250	0.509646
150	250	0.495949
160	250	0.572435
170	250	0.489443
180	250	0.506917
190	250	0.50456
200	250	0.530828
210	250	0.520506
220	250	0.531723
230	250	0.533251
240	250	0.600986
250	250	0.57994
260	250	0.62011
270	250	0.666502
280	250	0.729224
290	250	0.785076
300	250	0.877618
310	250	1.00695
320	250	1.43859
330	250	1.56546
340	250	2.44821
10	240	0.859181
20	240	0.759652
30	240	0.669876
40	240	0.666036
50	240	0.612628
60	240	0.571646
70	240	0.559417
80	240	0.551289
90	240	0.533151
100	240	0.515635
110	240	0.508403
120	240	0.510058
130	240	0.488888
140	240	0.478815
150	240	0.469839
160	240	0.505711
170	240	0.477513
180	240	0.485024
190	240	0.472726
200	240	0.494485
210	240	0.486741
220	240	0.502451
230	240	0.518434
240	240	0.549487
250	240	0.545115
260	240	0.5678
270	240	0.591527
280	240	0.648205
290	240	0.696581
300	240	0.764873
310	240	0.833531
320	240	1.08308
330	240	1.16515
340	240	1.54992
350	240	2.28139
10	230	0.844626
20	230	0.739272
30	230	0.696185
40	230	0.65031
50	230	0.590078
60	230	0.550342
70	230	0.543205
80	230	0.543403
90	230	0.513352
100	230	0.503503
110	230	0.490542
120	230	0.499546
130	230	0.48225
140	230	0.469642
150	230	0.460529
160	230	0.511854
170	230	0.45782
180	230	0.462226
190	230	0.463236
200	230	0.481989
210	230	0.476253
220	230	0.481368
230	230	0.4829
240	230	0.528544
250	230	0.503578
260	230	0.532219
270	230	0.558001
280	230	0.587291
290	230	0.621409
300	230	0.674704
310	230	0.739986
320	230	0.951067
330	230	0.93416
340	230	1.17043
350	230	1.46181
360	230	2.30496
10	220	0.87119
20	220	0.713542
30	220	0.680362
40	220	0.623922
50	220	0.57925
60	220	0.555191
70	220	0.535918
80	220	0.53421
90	220	0.506899
100	220	0.48959
110	220	0.487939
120	220	0.479558
130	220	0.458002
140	220	0.458176
150	220	0.45228
160	220	0.494684
170	220	0.454373
180	220	0.446804
190	220	0.442303
200	220	0.452183
210	220	0.454401
220	220	0.458588
230	220	0.465655
240	220	0.503949
250	220	0.483434
260	220	0.50287
270	220	0.520598
280	220	0.553776
290	220	0.566693
300	220	0.605612
310	220	0.649733
320	220	0.803195
330	220	0.809767
340	220	0.935231
350	220	1.10038
360	220	1.47468
370	220	2.12635
10	210	0.802741
20	210	0.743777
30	210	0.648106
40	210	0.605655
50	210	0.575865
60	210	0.556729
70	210	0.529045
80	210	0.538375
90	210	0.490798
100	210	0.487384
110	210	0.474259
120	210	0.465659
130	210	0.456522
140	210	0.459266
150	210	0.442039
160	210	0.50116
170	210	0.444015
180	210	0.437957
190	210	0.432506
200	210	0.441403
210	210	0.430151
220	210	0.443671
230	210	0.439641
240	210	0.482473
250	210	0.459967
260	210	0.476832
270	210	0.48596
280	210	0.517563
290	210	0.535975
300	210	0.549045
310	210	0.590415
320	210	0.732284
330	210	0.689785
340	210	0.774169
350	210	0.89216
360	210	1.08523
370	210	1.37152
380	210	2.14011
10	200	0.818611
20	200	0.731182
30	200	0.628286
40	200	0.616841
50	200	0.560704
60	200	0.535331
70	200	0.522817
80	200	0.526983
90	200	0.481877
100	200	0.476305
110	200	0.449201
120	200	0.464981
130	200	0.439878
140	200	0.441991
150	200	0.434214
160	200	0.47216
170	200	0.419658
180	200	0.43066
190	200	0.419682
200	200	0.428467
210	200	0.415718
220	200	0.42168
230	200	0.427966
240	200	0.447525
250	200	0.433443
260	200	0.453962
270	200	0.459929
280	200	0.473441
290	200	0.485127
300	200	0.501598
310	200	0.538244
320	200	0.633712
330	200	0.608173
340	200	0.68395
350	200	0.733593
360	200	0.867313
370	200	1.01314
380	200	1.35483
390	200	2.00648
10	190	0.805235
20	190	0.705662
30	190	0.605387
40	190	0.603428
50	190	0.550094
60	190	0.52196
70	190	0.508343
80	190	0.514772
90	190	0.491505
100	190	0.472242
110	190	0.46054
120	190	0.452745
130	190	0.436434
140	190	0.429085
150	190	0.424699
160	190	0.460384
170	190	0.409823
180	190	0.411654
190	190	0.414292
200	190	0.40268
210	190	0.407786
220	190	0.405411
230	190	0.413593
240	190	0.445817
250	190	0.420469
260	190	0.416848
270	190	0.435543
280	190	0.44332
290	190	0.459674
300	190	0.477149
310	190	0.498718
320	190	0.590871
330	190	0.555477
340	190	0.603067
350	190	0.640753
360	190	0.736524
370	190	0.8147
380	190	0.997276
390	190	1.2667
400	190	2.13812
10	180	0.803049
20	180	0.682518
30	180	0.63753
40	180	0.591299
50	180	0.548154
60	180	0.511953
70	180	0.509191
80	180	0.509532
90	180	0.473335
100	180	0.462005
110	180	0.447891
120	180	0.438037
130	180	0.42357
140	180	0.415434
150	180	0.424152
160	180	0.423548
170	180	0.403014
180	180	0.398379
190	180	0.401568
200	180	0.407749
210	180	0.394697
220	180	0.395211
230	180	0.394375
240	180	0.420695
250	180	0.397133
260	180	0.406663
270	180	0.407682
280	180	0.429508
290	180	0.43541
300	180	0.451411
310	180	0.462122
320	180	0.526746
330	180	0.50639
340	180	0.532949
350	180	0.571993
360	180	0.638338
370	180	0.682281
380	180	0.815759
390	180	0.957674
400	180	1.31271
410	180	1.8783
10	170	0.80603
20	170	0.694102
30	170	0.623723
40	170	0.569585
50	170	0.529905
60	170	0.525396
70	170	0.500667
80	170	0.502339
90	170	0.466004
100	170	0.453926
110	170	0.438379
120	170	0.44074
130	170	0.417688
140	170	0.418211
150	170	0.402247
160	170	0.433214
170	170	0.398587
180	170	0.389846
190	170	0.391045
200	170	0.393424
210	170	0.383059
220	170	0.384716
230	170	0.388198
240	170	0.407181
250	170	0.378519
260	170	0.392359
270	170	0.392251
280	170	0.402594
290	170	0.404394
300	170	0.420593
310	170	0.437198
320	170	0.500702
330	170	0.466313
340	170	0.490979
350	170	0.507266
360	170	0.569842
370	170	0.605661
380	170	0.678789
390	170	0.762712
400	170	0.981504
410	170	1.20399
420	170	1.83216
10	160	0.774903
20	160	0.677074
30	160	0.605325
40	160	0.561122
50	160	0.541392
60	160	0.516149
70	160	0.481859
80	160	0.488646
90	160	0.460472
100	160	0.446666
110	160	0.434877
120	160	0.419795
130	160	0.428625
140	160	0.402495
150	160	0.399463
160	160	0.419793
170	160	0.393683
180	160	0.379519
190	160	0.383095
200	160	0.379099
210	160	0.370219
220	160	0.364381
230	160	0.36922
240	160	0.387179
250	160	0.370764
260	160	0.37996
270	160	0.388877
280	160	0.390341
290	160	0.385642
300	160	0.401854
310	160	0.410781
320	160	0.452919
330	160	0.429347
340	160	0.461412
350	160	0.464945
360	160	0.509133
370	160	0.532664
380	160	0.590503
390	160	0.638143
400	160	0.7858
410	160	0.899436
420	160	1.15779
430	160	1.75891
10	150	0.739325
20	150	0.657978
30	150	0.610927
40	150	0.571518
50	150	0.532644
60	150	0.511416
70	150	0.481356
80	150	0.48878
90	150	0.448307
100	150	0.451281
110	150	0.43665
120	150	0.42867
130	150	0.411829
140	150	0.403528
150	150	0.393721
160	150	0.423784
170	150	0.378206
180	150	0.386549
190	150	0.381872
200	150	0.376632
210	150	0.364609
220	150	0.36782
230	150	0.366683
240	150	0.38783
250	150	0.365759
260	150	0.370248
270	150	0.374914
280	150	0.385971
290	150	0.378752
300	150	0.383277
310	150	0.386131
320	150	0.45395
330	150	0.412633
340	150	0.432181
350	150	0.432134
360	150	0.470258
370	150	0.48334
380	150	0.528808
390	150	0.566172
400	150	0.662314
410	150	0.726605
420	150	0.869362
430	150	1.12968
440	150	1.77878
10	140	0.708103
20	140	0.662321
30	140	0.583246
40	140	0.565346
50	140	0.532215
60	140	0.498552
70	140	0.476414
80	140	0.475608
90	140	0.446952
100	140	0.437799
110	140	0.413746
120	140	0.422372
130	140	0.405112
140	140	0.39337
150	140	0.381034
160	140	0.401989
170	140	0.380528
180	140	0.372845
190	140	0.360162
200	140	0.369756
210	140	0.360093
220	140	0.354917
230	140	0.344479
240	140	0.366267
250	140	0.340761
260	140	0.351882
270	140	0.349819
280	140	0.359831
290	140	0.353128
300	140	0.360838
310	140	0.370849
320	140	0.397657
330	140	0.385247
340	140	0.401257
350	140	0.402592
360	140	0.42773
370	140	0.432482
380	140	0.466387
390	140	0.495264
400	140	0.570221
410	140	0.599089
420	140	0.685305
430	140	0.828613
440	140	1.10376
450	140	1.62158
10	130	0.769892
20	130	0.632781
30	130	0.591947
40	130	0.544944
50	130	0.517319
60	130	0.494045
70	130	0.475283
80	130	0.472002
90	130	0.442648
100	130	0.426758
110	130	0.424233
120	130	0.417984
130	130	0.40293
140	130	0.392515
150	130	0.383195
160	130	0.413795
170	130	0.376107
180	130	0.366577
190	130	0.360683
200	130	0.362019
210	130	0.34866
220	130	0.350984
230	130	0.3516
240	130	0.35736
250	130	0.341876
260	130	0.339369
270	130	0.342204
280	130	0.351344
290	130	0.344225
300	130	0.34909
310	130	0.353344
320	130	0.400417
330	130	0.36026
340	130	0.370672
350	130	0.378682
360	130	0.398808
370	130	0.396641
380	130	0.430341
390	130	0.44875
400	130	0.516314
410	130	0.52728
420	130	0.578292
430	130	0.658123
440	130	0.821541
450	130	1.03463
460	130	1.59119
10	128	0.746767
20	128	0.641457
30	128	0.573809
40	128	0.556572
50	128	0.520019
60	128	0.499496
70	128	0.468699
80	128	0.464321
90	128	0.460914
100	128	0.43047
110	128	0.415489
120	128	0.415201
130	128	0.405417
140	128	0.383962
150	128	0.383755
160	128	0.39912
170	128	0.365881
180	128	0.36367
190	128	0.361228
200	128	0.359294
210	128	0.351325
220	128	0.355277
230	128	0.347807
240	128	0.357639
250	128	0.337846
260	128	0.338399
270	128	0.337775
280	128	0.342382
290	128	0.346699
300	128	0.3369
310	128	0.351575
320	128	0.393303
330	128	0.358333
340	128	0.365625
350	128	0.380035
360	128	0.392592
370	128	0.394861
380	128	0.425258
390	128	0.437897
400	128	0.493118
410	128	0.511542
420	128	0.572162
430	128	0.640831
440	128	0.783588
450	128	0.964667
460	128	1.41249
470	128	3.52864
10	120	0.73044
20	120	0.618918
30	120	0.581277
40	120	0.554153
50	120	0.512823
60	120	0.489887
70	120	0.469012
80	120	0.468028
90	120	0.437064
100	120	0.433613
110	120	0.415672
120	120	0.406563
130	120	0.396342
140	120	0.39371
150	120	0.380831
160	120	0.385163
170	120	0.361736
180	120	0.354395
190	120	0.35436
200	120	0.357135
210	120	0.342683
220	120	0.33874
230	120	0.332902
240	120	0.343234
250	120	0.331411
260	120	0.335302
270	120	0.334121
280	120	0.334127
290	120	0.328132
300	120	0.332111
310	120	0.338475
320	120	0.365335
330	120	0.34699
340	120	0.350505
350	120	0.356318
360	120	0.371521
370	120	0.371203
380	120	0.398258
390	120	0.410244
400	120	0.451668
410	120	0.459197
420	120	0.507699
430	120	0.557153
440	120	0.656206
450	120	0.767335
460	120	1.00498
470	120	1.52056
10	110	0.741492
20	110	0.631803
30	110	0.569331
40	110	0.551746
50	110	0.511578
60	110	0.489391
70	110	0.475114
80	110	0.47941
90	110	0.432096
100	110	0.42868
110	110	0.412697
120	110	0.401372
130	110	0.390217
140	110	0.389723
150	110	0.370831
160	110	0.398787
170	110	0.355805
180	110	0.354222
190	110	0.352211
200	110	0.353528
210	110	0.337992
220	110	0.336217
230	110	0.32781
240	110	0.338187
250	110	0.325019
260	110	0.323627
270	110	0.317291
280	110	0.328635
290	110	0.318382
300	110	0.330672
310	110	0.331849
320	110	0.359886
330	110	0.332968
340	110	0.338407
350	110	0.334287
360	110	0.355113
370	110	0.351402
380	110	0.371374
390	110	0.374744
400	110	0.412383
410	110	0.412837
420	110	0.447076
430	110	0.49805
440	110	0.544962
450	110	0.620564
460	110	0.751208
470	110	0.96297
480	110	1.72221
10	100	0.713533
20	100	0.617957
30	100	0.576908
40	100	0.541013
50	100	0.506776
60	100	0.48579
70	100	0.464324
80	100	0.462106
90	100	0.431304
100	100	0.42678
110	100	0.411492
120	100	0.400641
130	100	0.389928
140	100	0.38277
150	100	0.376629
160	100	0.383012
170	100	0.359061
180	100	0.356721
190	100	0.340761
200	100	0.344024
210	100	0.334975
220	100	0.336567
230	100	0.330566
240	100	0.336493
250	100	0.319268
260	100	0.317021
270	100	0.313816
280	100	0.321583
290	100	0.314848
300	100	0.313154
310	100	0.314055
320	100	0.333957
330	100	0.320868
340	100	0.328208
350	100	0.319455
360	100	0.330898
370	100	0.336096
380	100	0.355499
390	100	0.351769
400	100	0.374414
410	100	0.371181
420	100	0.396348
430	100	0.42724
440	100	0.47695
450	100	0.514559
460	100	0.601848
470	100	0.705806
480	100	1.01033
490	100	1.4065
10	90	0.689319
20	90	0.589228
30	90	0.544365
40	90	0.529986
50	90	0.500016
60	90	0.484181
70	90	0.462762
80	90	0.449734
90	90	0.434947
100	90	0.425415
110	90	0.402945
120	90	0.39585
130	90	0.382045
140	90	0.37616
150	90	0.366205
160	90	0.386026
170	90	0.354908
180	90	0.347519
190	90	0.3387
200	90	0.34198
210	90	0.336168
220	90	0.325224
230	90	0.325033
240	90	0.328074
250	90	0.308198
260	90	0.317007
270	90	0.306104
280	90	0.309639
290	90	0.313065
300	90	0.307526
310	90	0.310483
320	90	0.331734
330	90	0.306906
340	90	0.313049
350	90	0.304985
360	90	0.314795
370	90	0.312662
380	90	0.32649
390	90	0.325151
400	90	0.350771
410	90	0.344448
420	90	0.370962
430	90	0.389094
440	90	0.418478
450	90	0.44451
460	90	0.485964
470	90	0.568197
480	90	0.76464
490	90	0.87156
500	90	1.35935
10	80	0.69068
20	80	0.591259
30	80	0.550405
40	80	0.516701
50	80	0.503735
60	80	0.478461
70	80	0.453535
80	80	0.457343
90	80	0.432149
100	80	0.409006
110	80	0.398433
120	80	0.402364
130	80	0.375563
140	80	0.381907
150	80	0.369937
160	80	0.376441
170	80	0.353112
180	80	0.349425
190	80	0.337477
200	80	0.344727
210	80	0.327905
220	80	0.326986
230	80	0.316878
240	80	0.322131
250	80	0.311924
260	80	0.306869
270	80	0.305754
280	80	0.299157
290	80	0.304026
300	80	0.300319
310	80	0.299716
320	80	0.314131
330	80	0.2955
340	80	0.303025
350	80	0.298788
360	80	0.310816
370	80	0.301421
380	80	0.313511
390	80	0.309987
400	80	0.333759
410	80	0.328694
420	80	0.334267
430	80	0.345437
440	80	0.374819
450	80	0.395008
460	80	0.425279
470	80	0.476018
480	80	0.581905
490	80	0.638883
500	80	0.842028
510	80	1.25526
10	70	0.664003
20	70	0.587294
30	70	0.550146
40	70	0.507231
50	70	0.489749
60	70	0.470852
70	70	0.448437
80	70	0.45924
90	70	0.42189
100	70	0.421235
110	70	0.400459
120	70	0.398729
130	70	0.381751
140	70	0.376175
150	70	0.360216
160	70	0.37733
170	70	0.355966
180	70	0.345754
190	70	0.336979
200	70	0.330679
210	70	0.322792
220	70	0.321831
230	70	0.314401
240	70	0.322685
250	70	0.309338
260	70	0.310919
270	70	0.299478
280	70	0.303051
290	70	0.293777
300	70	0.292741
310	70	0.289101
320	70	0.310624
330	70	0.287658
340	70	0.290815
350	70	0.28281
360	70	0.28738
370	70	0.288145
380	70	0.297488
390	70	0.292675
400	70	0.307436
410	70	0.3035
420	70	0.307899
430	70	0.323811
440	70	0.344583
450	70	0.346439
460	70	0.377571
470	70	0.406817
480	70	0.496892
490	70	0.515221
500	70	0.617416
510	70	0.781066
520	70	1.21797
10	60	0.642667
20	60	0.59215
30	60	0.542129
40	60	0.504334
50	60	0.483148
60	60	0.477204
70	60	0.451496
80	60	0.448054
90	60	0.42793
100	60	0.41739
110	60	0.400997
120	60	0.391149
130	60	0.3871
140	60	0.381897
150	60	0.366344
160	60	0.373221
170	60	0.347268
180	60	0.33992
190	60	0.332363
200	60	0.328782
210	60	0.32414
220	60	0.322161
230	60	0.31157
240	60	0.3182
250	60	0.303537
260	60	0.298674
270	60	0.293333
280	60	0.300545
290	60	0.282991
300	60	0.287762
310	60	0.285846
320	60	0.294669
330	60	0.281664
340	60	0.281542
350	60	0.274472
360	60	0.279027
370	60	0.273162
380	60	0.28043
390	60	0.27536
400	60	0.292716
410	60	0.290902
420	60	0.294818
430	60	0.300849
440	60	0.314836
450	60	0.316412
460	60	0.336318
470	60	0.350318
480	60	0.414918
490	60	0.422678
500	60	0.490782
510	60	0.57133
520	60	0.744287
530	60	1.12899
10	55	0.642547
20	55	0.583698
30	55	0.543596
40	55	0.524099
50	55	0.49472
60	55	0.47032
70	55	0.454497
80	55	0.449592
90	55	0.427683
100	55	0.419494
110	55	0.404572
120	55	0.394321
130	55	0.381601
140	55	0.374233
150	55	0.365513
160	55	0.375646
170	55	0.347261
180	55	0.345468
190	55	0.3428
200	55	0.328717
210	55	0.323449
220	55	0.314568
230	55	0.309692
240	55	0.31528
250	55	0.303751
260	55	0.29575
270	55	0.300895
280	55	0.29335
290	55	0.282109
300	55	0.281935
310	55	0.281733
320	55	0.300701
330	55	0.278302
340	55	0.285413
350	55	0.272137
360	55	0.275909
370	55	0.275782
380	55	0.279031
390	55	0.271697
400	55	0.288743
410	55	0.278918
420	55	0.28818
430	55	0.292084
440	55	0.30518
450	55	0.30226
460	55	0.326496
470	55	0.341971
480	55	0.41116
490	55	0.391784
500	55	0.446355
510	55	0.503872
520	55	0.640578
530	55	0.850981
540	55	1.6395
10	50	0.629752
20	50	0.581211
30	50	0.545723
40	50	0.514364
50	50	0.481707
60	50	0.469342
70	50	0.450042
80	50	0.445863
90	50	0.41795
100	50	0.414826
110	50	0.401476
120	50	0.395656
130	50	0.377084
140	50	0.380583
150	50	0.361248
160	50	0.3672
170	50	0.344726
180	50	0.349701
190	50	0.33299
200	50	0.329137
210	50	0.320559
220	50	0.321085
230	50	0.313156
240	50	0.316319
250	50	0.298282
260	50	0.303238
270	50	0.292961
280	50	0.289713
290	50	0.281625
300	50	0.283603
310	50	0.281142
320	50	0.296757
330	50	0.273847
340	50	0.273381
350	50	0.271115
360	50	0.274743
370	50	0.269531
380	50	0.274372
390	50	0.27053
400	50	0.283519
410	50	0.27555
420	50	0.273811
430	50	0.284431
440	50	0.295081
450	50	0.296138
460	50	0.31163
470	50	0.322125
480	50	0.379942
490	50	0.367427
500	50	0.407818
510	50	0.454698
520	50	0.544208
530	50	0.690443
540	50	1.08543
10	45	0.652457
20	45	0.573687
30	45	0.53445
40	45	0.518034
50	45	0.489695
60	45	0.47483
70	45	0.446397
80	45	0.444733
90	45	0.430748
100	45	0.408718
110	45	0.401514
120	45	0.395425
130	45	0.383387
140	45	0.382438
150	45	0.366896
160	45	0.376423
170	45	0.346419
180	45	0.344493
190	45	0.335876
200	45	0.33231
210	45	0.323103
220	45	0.316236
230	45	0.311322
240	45	0.312943
250	45	0.300299
260	45	0.298805
270	45	0.291292
280	45	0.286208
290	45	0.284666
300	45	0.285928
310	45	0.276598
320	45	0.302757
330	45	0.272162
340	45	0.270601
350	45	0.268529
360	45	0.268931
370	45	0.262185
380	45	0.269948
390	45	0.262696
400	45	0.275442
410	45	0.26655
420	45	0.265245
430	45	0.270252
440	45	0.276683
450	45	0.283691
460	45	0.295767
470	45	0.306382
480	45	0.360012
490	45	0.34372
500	45	0.372372
510	45	0.407021
520	45	0.489172
530	45	0.579805
540	45	0.789249
550	45	1.50315
10	40	0.622438
20	40	0.553426
30	40	0.530664
40	40	0.507268
50	40	0.486722
60	40	0.472109
70	40	0.453868
80	40	0.448788
90	40	0.432271
100	40	0.41143
110	40	0.41019
120	40	0.393675
130	40	0.378879
140	40	0.369713
150	40	0.365284
160	40	0.37165
170	40	0.345095
180	40	0.344153
190	40	0.333608
200	40	0.330036
210	40	0.318476
220	40	0.316132
230	40	0.307776
240	40	0.311222
250	40	0.299169
260	40	0.293096
270	40	0.290287
280	40	0.284319
290	40	0.282787
300	40	0.280139
310	40	0.272072
320	40	0.286054
330	40	0.266882
340	40	0.266777
350	40	0.262657
360	40	0.262641
370	40	0.255203
380	40	0.260261
390	40	0.257124
400	40	0.267752
410	40	0.264228
420	40	0.257889
430	40	0.263523
440	40	0.271144
450	40	0.271374
460	40	0.28051
470	40	0.288248
480	40	0.333552
490	40	0.319521
500	40	0.344192
510	40	0.369523
520	40	0.431372
530	40	0.499767
540	40	0.642416
550	40	0.972919
10	35	0.629002
20	35	0.572915
30	35	0.534806
40	35	0.515068
50	35	0.482583
60	35	0.467187
70	35	0.454045
80	35	0.445836
90	35	0.426273
100	35	0.417377
110	35	0.401396
120	35	0.400113
130	35	0.38632
140	35	0.376798
150	35	0.363944
160	35	0.372972
170	35	0.348519
180	35	0.345567
190	35	0.338219
200	35	0.331175
210	35	0.324745
220	35	0.31456
230	35	0.313057
240	35	0.313224
250	35	0.295677
260	35	0.29605
270	35	0.287621
280	35	0.289299
290	35	0.283937
300	35	0.277644
310	35	0.277533
320	35	0.28736
330	35	0.267004
340	35	0.267132
350	35	0.256272
360	35	0.260805
370	35	0.25463
380	35	0.255355
390	35	0.248857
400	35	0.267099
410	35	0.257901
420	35	0.254395
430	35	0.258046
440	35	0.265864
450	35	0.260387
460	35	0.267916
470	35	0.281052
480	35	0.319387
490	35	0.29915
500	35	0.315261
510	35	0.339703
520	35	0.386328
530	35	0.43696
540	35	0.537526
550	35	0.729594
560	35	1.42339
10	30	0.626971
20	30	0.559972
30	30	0.541421
40	30	0.509022
50	30	0.486232
60	30	0.473823
70	30	0.455921
80	30	0.450646
90	30	0.42471
100	30	0.421046
110	30	0.402452
120	30	0.39941
130	30	0.383562
140	30	0.378625
150	30	0.366247
160	30	0.367362
170	30	0.353923
180	30	0.346836
190	30	0.338775
200	30	0.334822
210	30	0.322895
220	30	0.319787
230	30	0.305978
240	30	0.314117
250	30	0.297844
260	30	0.299172
270	30	0.28927
280	30	0.287569
290	30	0.280714
300	30	0.276787
310	30	0.270821
320	30	0.284705
330	30	0.265621
340	30	0.26351
350	30	0.255748
360	30	0.261804
370	30	0.251755
380	30	0.255133
390	30	0.254008
400	30	0.257937
410	30	0.249911
420	30	0.249368
430	30	0.257644
440	30	0.265009
450	30	0.260374
460	30	0.262557
470	30	0.269676
480	30	0.302123
490	30	0.283371
500	30	0.306694
510	30	0.316224
520	30	0.347626
530	30	0.384158
540	30	0.452035
550	30	0.575039
10	25	0.615453
20	25	0.576742
30	25	0.523236
40	25	0.495035
50	25	0.477958
60	25	0.471972
70	25	0.455311
80	25	0.45205
90	25	0.422133
100	25	0.420778
110	25	0.406694
120	25	0.395772
130	25	0.379942
140	25	0.380838
150	25	0.368726
160	25	0.370955
170	25	0.354314
180	25	0.345219
190	25	0.334109
200	25	0.3311
210	25	0.325832
220	25	0.318848
230	25	0.309926
240	25	0.314318
250	25	0.298982
260	25	0.300841
270	25	0.289276
280	25	0.286384
290	25	0.280243
300	25	0.274026
310	25	0.269763
320	25	0.284476
330	25	0.264094
340	25	0.262348
350	25	0.256518
360	25	0.261157
370	25	0.250877
380	25	0.255002
390	25	0.248995
400	25	0.26017
410	25	0.244311
420	25	0.250126
430	25	0.243306
440	25	0.251875
450	25	0.248948
460	25	0.254875
470	25	0.250734
480	25	0.289752
490	25	0.270436
500	25	0.28398
510	25	0.294414
520	25	0.318298
530	25	0.347647
540	25	0.406433
550	25	0.475113
10	20	0.624511
20	20	0.570943
30	20	0.529785
40	20	0.510206
50	20	0.48284
60	20	0.465673
70	20	0.452966
80	20	0.446337
90	20	0.427435
100	20	0.416539
110	20	0.401087
120	20	0.39508
130	20	0.381463
140	20	0.375921
150	20	0.367669
160	20	0.384467
170	20	0.349738
180	20	0.343444
190	20	0.33287
200	20	0.332502
210	20	0.317422
220	20	0.319567
230	20	0.313231
240	20	0.313947
250	20	0.297604
260	20	0.296697
270	20	0.290053
280	20	0.288944
290	20	0.279113
300	20	0.279921
310	20	0.274283
320	20	0.279766
330	20	0.264624
340	20	0.261876
350	20	0.252474
360	20	0.254883
370	20	0.248403
380	20	0.24984
390	20	0.245263
400	20	0.252622
410	20	0.244315
420	20	0.239902
430	20	0.239392
440	20	0.24413
450	20	0.24121
460	20	0.242311
470	20	0.243609
480	20	0.271773
490	20	0.253067
500	20	0.268355
510	20	0.280371
520	20	0.298228
530	20	0.317673
540	20	0.350457
550	20	0.406681
10	16	0.598238
20	16	0.555963
30	16	0.521741
40	16	0.509642
50	16	0.477569
60	16	0.475464
70	16	0.451184
80	16	0.447612
90	16	0.43089
100	16	0.414468
110	16	0.405758
120	16	0.399383
130	16	0.380741
140	16	0.374511
150	16	0.363898
160	16	0.37425
170	16	0.347795
180	16	0.344016
190	16	0.335115
200	16	0.335461
210	16	0.319551
220	16	0.3176
230	16	0.314135
240	16	0.313827
250	16	0.300538
260	16	0.295437
270	16	0.289711
280	16	0.282798
290	16	0.278775
300	16	0.273895
310	16	0.271124
320	16	0.28033
330	16	0.258275
340	16	0.260628
350	16	0.25399
360	16	0.254822
370	16	0.247213
380	16	0.247929
390	16	0.243589
400	16	0.253187
410	16	0.238878
420	16	0.237116
430	16	0.233623
440	16	0.239701
450	16	0.233241
460	16	0.239009
470	16	0.239503
480	16	0.262625
490	16	0.243904
500	16	0.25539
510	16	0.263216
520	16	0.282897
530	16	0.29044
540	16	0.325996
550	16	0.359094
10	15	0.613095
20	15	0.558044
30	15	0.533234
40	15	0.511993
50	15	0.495634
60	15	0.47056
70	15	0.452617
80	15	0.446418
90	15	0.426426
100	15	0.41598
110	15	0.405048
120	15	0.404939
130	15	0.385024
140	15	0.37598
150	15	0.366472
160	15	0.372747
170	15	0.349502
180	15	0.347874
190	15	0.336194
200	15	0.334281
210	15	0.325107
220	15	0.318394
230	15	0.31326
240	15	0.313509
250	15	0.296493
260	15	0.292421
270	15	0.289766
280	15	0.289362
290	15	0.277992
300	15	0.270422
310	15	0.272867
320	15	0.282895
330	15	0.264206
340	15	0.259983
350	15	0.251056
360	15	0.25077
370	15	0.248871
380	15	0.245674
390	15	0.239841
400	15	0.250589
410	15	0.240033
420	15	0.233411
430	15	0.234225
440	15	0.237901
450	15	0.236549
460	15	0.236847
470	15	0.237324
480	15	0.263577
490	15	0.243127
500	15	0.253077
510	15	0.261418
520	15	0.273587
530	15	0.288181
540	15	0.316879
550	15	0.354568
560	15	0.446554
570	15	0.565851
10	10	0.594803
20	10	0.562214
30	10	0.528377
40	10	0.495522
50	10	0.481003
60	10	0.468241
70	10	0.455616
80	10	0.445378
90	10	0.428309
100	10	0.419118
110	10	0.411724
120	10	0.401682
130	10	0.389967
140	10	0.380264
150	10	0.369927
160	10	0.374152
170	10	0.355437
180	10	0.345266
190	10	0.337897
200	10	0.331346
210	10	0.322943
220	10	0.315962
230	10	0.311665
240	10	0.310436
250	10	0.296562
260	10	0.296769
270	10	0.288832
280	10	0.286545
290	10	0.274995
300	10	0.27804
310	10	0.270336
320	10	0.274371
330	10	0.260713
340	10	0.261912
350	10	0.247989
360	10	0.254109
370	10	0.242368
380	10	0.243846
390	10	0.234476
400	10	0.246701
410	10	0.236705
420	10	0.23334
430	10	0.229002
440	10	0.228679
450	10	0.226437
460	10	0.228994
470	10	0.229268
480	10	0.254026
490	10	0.232767
500	10	0.240675
510	10	0.242693
520	10	0.256687
530	10	0.265526
540	10	0.282188
550	10	0.311093
10	5	0.588393
20	5	0.558017
30	5	0.525694
40	5	0.502252
50	5	0.488253
60	5	0.470908
70	5	0.461923
80	5	0.453352
90	5	0.437053
100	5	0.419197
110	5	0.409203
120	5	0.401809
130	5	0.387304
140	5	0.383073
150	5	0.367924
160	5	0.380482
170	5	0.357176
180	5	0.346091
190	5	0.339291
200	5	0.337105
210	5	0.324836
220	5	0.321945
230	5	0.311184
240	5	0.313155
250	5	0.303506
260	5	0.294515
270	5	0.293975
280	5	0.284368
290	5	0.277945
300	5	0.275098
310	5	0.272722
320	5	0.279752
330	5	0.261674
340	5	0.257828
350	5	0.252906
360	5	0.249309
370	5	0.242236
380	5	0.240756
390	5	0.235462
400	5	0.239413
410	5	0.232309
420	5	0.224986
430	5	0.225216
440	5	0.22906
450	5	0.225428
460	5	0.221011
470	5	0.220892
480	5	0.245874
490	5	0.222203
500	5	0.228153
510	5	0.231679
520	5	0.232719
530	5	0.241301
540	5	0.257369
550	5	0.2736
560	5	0.316182
10	3	0.602073
20	3	0.566458
30	3	0.529916
40	3	0.513838
50	3	0.491363
60	3	0.470231
70	3	0.459855
80	3	0.45314
90	3	0.436102
100	3	0.423656
110	3	0.411304
120	3	0.399271
130	3	0.38874
140	3	0.383246
150	3	0.370768
160	3	0.375629
170	3	0.355414
180	3	0.350261
190	3	0.338503
200	3	0.336128
210	3	0.32529
220	3	0.321003
230	3	0.312566
240	3	0.31328
250	3	0.301044
260	3	0.297814
270	3	0.289023
280	3	0.283905
290	3	0.277702
300	3	0.275092
310	3	0.272195
320	3	0.27576
330	3	0.260848
340	3	0.259154
350	3	0.250336
360	3	0.251487
370	3	0.243187
380	3	0.240469
390	3	0.236126
400	3	0.242011
410	3	0.228015
420	3	0.229145
430	3	0.225678
440	3	0.228196
450	3	0.221267
460	3	0.217704
470	3	0.219492
480	3	0.234141
490	3	0.219484
500	3	0.221114
510	3	0.221038
520	3	0.229417
530	3	0.231698
540	3	0.24334
550	3	0.257672
560	3	0.2947
10	1	0.593183
20	1	0.556744
30	1	0.527204
40	1	0.515051
50	1	0.488115
60	1	0.474122
70	1	0.45808
80	1	0.460198
90	1	0.437103
100	1	0.42471
110	1	0.413573
120	1	0.409956
130	1	0.392627
140	1	0.386033
150	1	0.376294
160	1	0.377101
170	1	0.360594
180	1	0.354377
190	1	0.340375
200	1	0.333684
210	1	0.326031
220	1	0.324159
230	1	0.314368
240	1	0.314416
250	1	0.301648
260	1	0.298685
270	1	0.292536
280	1	0.287513
290	1	0.278152
300	1	0.272371
310	1	0.272078
320	1	0.283786
330	1	0.258179
340	1	0.257805
350	1	0.247004
360	1	0.245715
370	1	0.241933
380	1	0.23824
390	1	0.234437
400	1	0.239097
410	1	0.225348
420	1	0.225584
430	1	0.220049
440	1	0.219935
450	1	0.216332
460	1	0.214379
470	1	0.213367
480	1	0.228433
490	1	0.211994
500	1	0.211936
510	1	0.207337
520	1	0.218733
530	1	0.220553
540	1	0.22815
550	1	0.238585
560	1	0.267651
570	1	0.289422
